mazee[0][0][0]=9;
mazee[0][1][0]=8;
mazee[0][2][0]=8;
mazee[0][3][0]=8;
mazee[0][4][0]=8;
mazee[0][5][0]=10;
mazee[0][6][0]=8;
mazee[0][7][0]=10;
mazee[0][8][0]=8;
mazee[0][9][0]=12;
mazee[1][0][0]=1;
mazee[1][1][0]=0;
mazee[1][2][0]=0;
mazee[1][3][0]=6;
mazee[1][4][0]=1;
mazee[1][5][0]=10;
mazee[1][6][0]=0;
mazee[1][7][0]=12;
mazee[1][8][0]=1;
mazee[1][9][0]=4;
mazee[2][0][0]=6;
mazee[2][1][0]=1;
mazee[2][2][0]=2;
mazee[2][3][0]=10;
mazee[2][4][0]=0;
mazee[2][5][0]=8;
mazee[2][6][0]=0;
mazee[2][7][0]=2;
mazee[2][8][0]=2;
mazee[2][9][0]=4;
mazee[3][0][0]=13;
mazee[3][1][0]=1;
mazee[3][2][0]=8;
mazee[3][3][0]=8;
mazee[3][4][0]=0;
mazee[3][5][0]=4;
mazee[3][6][0]=1;
mazee[3][7][0]=8;
mazee[3][8][0]=14;
mazee[3][9][0]=5;
mazee[4][0][0]=1;
mazee[4][1][0]=0;
mazee[4][2][0]=0;
mazee[4][3][0]=4;
mazee[4][4][0]=1;
mazee[4][5][0]=0;
mazee[4][6][0]=4;
mazee[4][7][0]=1;
mazee[4][8][0]=8;
mazee[4][9][0]=4;
mazee[5][0][0]=1;
mazee[5][1][0]=2;
mazee[5][2][0]=0;
mazee[5][3][0]=0;
mazee[5][4][0]=0;
mazee[5][5][0]=0;
mazee[5][6][0]=2;
mazee[5][7][0]=0;
mazee[5][8][0]=0;
mazee[5][9][0]=4;
mazee[6][0][0]=1;
mazee[6][1][0]=8;
mazee[6][2][0]=0;
mazee[6][3][0]=4;
mazee[6][4][0]=7;
mazee[6][5][0]=1;
mazee[6][6][0]=8;
mazee[6][7][0]=4;
mazee[6][8][0]=1;
mazee[6][9][0]=4;
mazee[7][0][0]=1;
mazee[7][1][0]=0;
mazee[7][2][0]=0;
mazee[7][3][0]=0;
mazee[7][4][0]=10;
mazee[7][5][0]=0;
mazee[7][6][0]=0;
mazee[7][7][0]=0;
mazee[7][8][0]=0;
mazee[7][9][0]=2;
mazee[8][0][0]=1;
mazee[8][1][0]=0;
mazee[8][2][0]=0;
mazee[8][3][0]=0;
mazee[8][4][0]=10;
mazee[8][5][0]=32;
mazee[8][6][0]=0;
mazee[8][7][0]=4;
mazee[8][8][0]=1;
mazee[8][9][0]=12;
mazee[9][0][0]=0;
mazee[9][1][0]=2;
mazee[9][2][0]=2;
mazee[9][3][0]=6;
mazee[9][4][0]=11;
mazee[9][5][0]=2;
mazee[9][6][0]=6;
mazee[9][7][0]=7;
mazee[9][8][0]=7;
mazee[9][9][0]=7;
6,4
5,4
4,4
5,3
5,5
3,4
4,5
4,3
5,2
5,4
4,5
5,4
5,6
2,4
3,3
3,5
3,5
4,4
4,6
5,1
4,4
6,4
5,3
5,5
1,4
2,3
2,5
3,2
3,4
3,3
2,5
3,4
2,5
3,4
3,6
4,1
4,5
5,6
0,4
1,5
2,2
2,4
2,3
2,4
2,6
3,1
3,2
3,3
3,5
3,4
2,4
2,6
3,3
3,7
4,0
4,2
3,5
4,4
4,6
0,3
0,5
1,4
1,6
1,5
1,2
2,1
2,2
1,4
2,3
2,5
2,4
2,3
1,4
2,3
2,7
3,2
3,4
3,3
2,5
1,4
2,3
1,6
2,7
3,2
3,6
3,8
3,6
4,5
1,3
0,2
0,4
0,3
0,4
0,6
0,5
0,4
1,7
1,6
1,5
0,2
2,2
1,1
1,3
1,2
1,1
2,2
2,1
1,5
2,4
2,3
2,6
1,4
2,5
0,4
2,2
1,7
2,8
3,1
2,4
2,6
1,5
2,2
2,8
3,7
0,3
0,1
0,2
0,3
0,5
0,4
0,3
0,7
0,6
0,5
0,3
0,6
0,1
0,1
1,0
1,1
1,0
1,2
2,1
1,4
1,6
1,5
1,4
2,5
2,7
1,5
0,3
0,5
1,2
2,1
1,8
2,9
2,7
1,8
2,9
3,6
3,8
0,4
0,0
0,2
0,1
1,3
0,4
0,3
0,6
0,5
0,5
1,3
0,2
0,8
0,7
0,2
0,7
0,0
0,2
0,0
2,0
1,1
1,0
0,4
1,5
1,7
1,6
0,4
2,6
1,7
2,8
1,3
0,2
0,4
0,6
1,1
1,9
2,8
0,8
1,9
3,9
0,3
0,5
0,1
0,0
0,5
0,7
0,6
0,6
0,1
0,9
0,1
0,8
0,1
1,1
1,4
1,6
1,5
0,6
0,5
1,6
1,8
2,9
0,5
0,9
1,8
1,8
2,9
0,9
4,9
1,3
0,6
0,8
0,7
0,7
0,0
0,1
0,8
0,0
1,8
0,9
0,2
2,1
1,2
1,9
0,8
1,9
3,9
5,9
4,8
0,9
0,8
1,9
0,3
3,1
2,2
1,3
0,9
1,8
0,9
4,9
6,9
5,8
0,8
1,8
0,9
2,9
0,4
3,2
2,3
5,9
4,8
7,9
6,8
5,7
1,9
1,4
0,5
4,2
3,3
2,4
6,9
5,8
7,8
2,9
1,5
0,6
4,3
3,4
2,5
7,9
6,8
5,7
8,8
7,7
1,6
0,7
5,3
4,4
3,5
2,6
7,8
9,8
8,9
8,7
7,6
7,8
7,7
1,7
0,8
3,4
5,4
4,5
4,4
4,5
3,6
2,7
8,8
7,7
9,9
9,7
8,6
6,6
8,6
7,5
8,8
7,9
1,8
0,9
3,5
6,4
5,5
4,6
3,5
5,5
4,6
3,7
2,8
9,8
8,9
8,7
7,6
7,8
7,7
9,6
8,5
8,9
1,9
3,6
5,6
2,5
6,5
3,6
5,6
4,7
3,8
2,9
9,9
9,7
8,6
6,6
8,6
7,5
8,8
7,9
9,5
9,5
8,4
9,9
2,6
4,6
3,7
3,6
4,6
5,7
2,6
3,7
5,7
3,7
5,7
4,8
4,7
3,9
9,6
8,5
8,9
9,4
9,6
9,5
9,4
4,7
3,8
1,6
2,7
4,7
4,7
6,7
5,8
3,8
6,7
5,8
4,9
4,9
9,5
8,4
9,9
9,4
4,8
1,7
2,8
3,7
3,7
4,8
6,8
5,9
7,7
4,8
6,8
5,9
3,9
5,9
3,9
5,9
9,4
9,6
5,8
4,9
4,9
6,9
2,9
4,9
3,9
4,9
6,9
2,9
6,9
3,9
5,9
3,9
1,9
3,9
2,9
3,9
2,9
3,9
7,9
1,9
2,8
7,9
4,9
6,9
0,9
1,9
4,9
3,9
1,9
3,9
2,9
0,9
1,8
0,8
5,9
4,8
4,9
5,8
4,7
6,8
5,7
5,9
3,7
7,8
6,9
6,7
5,6
5,8
3,8
8,8
7,7
7,9
7,9
6,8
6,6
5,5
9,8
8,9
8,7
7,6
7,8
7,8
6,5
6,7
9,9
8,8
8,9
9,7
8,6
7,5
8,8
7,7
9,8
8,5
8,7
7,4
9,8
8,7
8,4
9,7
7,3
7,4
8,3
7,3
7,5
9,3
8,2
6,3
8,3
7,2
6,5
8,5
7,6
6,2
9,3
8,2
8,4
7,1
6,6
8,6
7,7
5,2
6,1
9,2
8,1
7,0
6,7
9,6
8,7
7,8
6,0
9,1

[0][0]= 0,0,0,0,0,
[0][1]= 0,0,0,0,0,
[0][2]= 0,0,0,0,0,
[0][3]= 0,0,0,0,0,
[0][4]= 0,0,0,0,0,
[0][5]= 0,0,0,0,0,
[0][6]= 0,0,0,0,0,
[0][7]= 0,0,0,0,0,
[0][8]= 0,0,0,0,0,
[0][9]= 0,0,0,0,0,

[1][0]= 10,11,0,0,0,
[1][1]= 9,12,0,0,0,
[1][2]= 0,0,0,0,0,
[1][3]= 0,0,0,0,0,
[1][4]= 0,0,0,0,0,
[1][5]= 0,0,0,0,0,
[1][6]= 0,0,0,0,0,
[1][7]= 0,0,0,0,0,
[1][8]= 0,0,0,0,0,
[1][9]= 0,0,0,0,0,

[2][0]= 0,0,0,0,0,
[2][1]= 8,13,0,0,0,
[2][2]= 7,14,0,0,0,
[2][3]= 6,15,0,0,0,
[2][4]= 5,16,0,0,0,
[2][5]= 17,0,0,0,0,
[2][6]= 18,0,0,0,0,
[2][7]= 0,0,0,0,0,
[2][8]= 0,0,0,0,0,
[2][9]= 25,0,0,0,0,

[3][0]= 0,0,0,0,0,
[3][1]= 0,0,0,0,0,
[3][2]= 0,0,0,0,0,
[3][3]= 0,0,0,0,0,
[3][4]= 4,0,0,0,0,
[3][5]= 0,0,0,0,0,
[3][6]= 19,0,0,0,0,
[3][7]= 20,0,0,0,0,
[3][8]= 0,0,0,0,0,
[3][9]= 24,26,0,0,0,

[4][0]= 0,0,0,0,0,
[4][1]= 0,0,0,0,0,
[4][2]= 0,0,0,0,0,
[4][3]= 0,0,0,0,0,
[4][4]= 3,0,0,0,0,
[4][5]= 0,0,0,0,0,
[4][6]= 0,0,0,0,0,
[4][7]= 21,0,0,0,0,
[4][8]= 22,28,0,0,0,
[4][9]= 23,27,0,0,0,

[5][0]= 0,0,0,0,0,
[5][1]= 0,0,0,0,0,
[5][2]= 0,0,0,0,0,
[5][3]= 0,0,0,0,0,
[5][4]= 2,0,0,0,0,
[5][5]= 0,0,0,0,0,
[5][6]= 0,0,0,0,0,
[5][7]= 0,0,0,0,0,
[5][8]= 29,0,0,0,0,
[5][9]= 0,0,0,0,0,

[6][0]= 0,0,0,0,0,
[6][1]= 0,0,0,0,0,
[6][2]= 0,0,0,0,0,
[6][3]= 0,0,0,0,0,
[6][4]= 1,0,0,0,0,
[6][5]= 0,0,0,0,0,
[6][6]= 0,0,0,0,0,
[6][7]= 0,0,0,0,0,
[6][8]= 30,0,0,0,0,
[6][9]= 0,0,0,0,0,

[7][0]= 0,0,0,0,0,
[7][1]= 0,0,0,0,0,
[7][2]= 0,0,0,0,0,
[7][3]= 37,0,0,0,0,
[7][4]= 35,36,0,0,0,
[7][5]= 34,0,0,0,0,
[7][6]= 33,0,0,0,0,
[7][7]= 32,0,0,0,0,
[7][8]= 31,0,0,0,0,
[7][9]= 0,0,0,0,0,

[8][0]= 0,0,0,0,0,
[8][1]= 0,0,0,0,0,
[8][2]= 0,0,0,0,0,
[8][3]= 38,0,0,0,0,
[8][4]= 0,0,0,0,0,
[8][5]= 0,0,0,0,0,
[8][6]= 0,0,0,0,0,
[8][7]= 0,0,0,0,0,
[8][8]= 0,0,0,0,0,
[8][9]= 0,0,0,0,0,

[9][0]= 42,0,0,0,0,
[9][1]= 41,0,0,0,0,
[9][2]= 40,0,0,0,0,
[9][3]= 39,0,0,0,0,
[9][4]= 0,0,0,0,0,
[9][5]= 0,0,0,0,0,
[9][6]= 0,0,0,0,0,
[9][7]= 0,0,0,0,0,
[9][8]= 0,0,0,0,0,
[9][9]= 0,0,0,0,0,

Ȥ